pageOCR,numOCR,numTLG
0151,1,0,test/0151.pdf300/911-1105-158-38.png,0
0156,1,1,test/0156.pdf300/1141-583-140-38.png,0
0158,1,1,test/0158.pdf300/906-557-149-38.png,0
0159,1,1,test/0159.pdf300/2097-1730-151-36.png,0
0161,2,0,test/0161.pdf300/627-1105-136-38.png,test/0161.pdf300/1445-1457-146-38.png,0
0162,1,0,test/0162.pdf300/939-826-147-38.png,0
0165,2,0,test/0165.pdf300/943-1360-135-37.png,test/0165.pdf300/2435-1099-134-37.png,0
0171,2,0,test/0171.pdf300/717-1316-136-37.png,test/0171.pdf300/1177-1119-157-38.png,0
0173,1,0,test/0173.pdf300/1607-1097-151-38.png,0
0174,1,0,test/0174.pdf300/2559-347-137-39.png,0
0176,1,0,test/0176.pdf300/2106-391-136-38.png,0
0177,1,0,test/0177.pdf300/2766-335-160-38.png,0
0180,1,0,test/0180.pdf300/273-347-146-37.png,0
0183,1,0,test/0183.pdf300/1086-1425-137-38.png,0
0189,1,0,test/0189.pdf300/1972-1348-145-37.png,0
