pageOCR,numOCR,numTLG
0157,1,0,test/0157.pdf300/1345-1669-106-37.png,0
0163,1,0,test/0163.pdf300/1391-1650-107-37.png,0
0164,1,0,test/0164.pdf300/322-749-110-36.png,0
0169,1,0,test/0169.pdf300/2704-509-95-37.png,0
0175,1,0,test/0175.pdf300/905-1182-127-36.png,0
0179,1,0,test/0179.pdf300/2133-1378-111-34.png,0
0180,2,0,test/0180.pdf300/954-376-111-35.png,test/0180.pdf300/2663-682-97-38.png,0
0183,1,0,test/0183.pdf300/1318-1345-111-34.png,0
0184,1,0,test/0184.pdf300/917-648-112-35.png,0
0186,2,0,test/0186.pdf300/702-486-115-37.png,test/0186.pdf300/611-593-108-36.png,0
0188,1,0,test/0188.pdf300/775-758-120-35.png,0
0193,2,0,test/0193.pdf300/652-1227-111-36.png,test/0193.pdf300/1633-1179-114-35.png,0
0194,4,0,test/0194.pdf300/2871-1236-108-38.png,test/0194.pdf300/2802-1257-106-37.png,test/0194.pdf300/2109-905-112-36.png,test/0194.pdf300/2065-906-111-35.png,0
0195,1,0,test/0195.pdf300/1440-1318-111-35.png,0
